linear:     [ 0.03209988 -6.20974177]
nonlinear:  [-0.01664583  1.60914283] not too well. Check again