linear:     [ 0.03209988 -6.20974177]
linear:     [-0.02254539  8.49516442]
linear RBF: [  0.94477876  38.285646    14.13832535  -0.27954056 -31.01325378 76.57269451   0.37678632  26.12848409  36.03909954]
nonlinear:  [-0.01664583  1.60914283] not too well. Check again